253.3754120000001
152.9841789999998
205.7825760000009
221.0440019999998
186.74767700000015
172.70337899999953
90.06927500000018
85.39523599999993
275.366858
281.04782499999925
223.13151499999987
207.60700399999962
174.61832000000055
154.68766699999995
180.60893700000037
306.4306019999996
154.73320299999992
181.2827859999998
184.3433810000002
139.29168900000025
153.1115780000002
97.69644900000023
150.06728700000025
208.79317799999995
135.27242000000018
121.4976569999998
121.73333100000013
233.0250450000001
215.2903250000001
299.8289050000003
118.68503699999995
187.24231999999995
161.20656999999972
137.62016199999965
184.63189000000023
214.65602999999965
157.6339589999998
85.21261999999956
216.620725000001
200.49116799999967
193.4357389999998
192.21251000000024
174.78847999999954
187.36469600000007
211.53291899999988
432.6412330000001
272.1273039999993
144.80242899999965
