0.40386841403310025 0.6394882997770518 0.6334184588426809 0.14808982560943887 -0.06924939092131628 -0.09166037369855262
0.2208665896496061 0.23067861787957877 0.49238871897740416 0.48281970919944983 0.6019075210664159 0.2388906620841005 -0.05551927876667292 0.24820678163912424
0.23541831971890514 0.16648304502441139 0.26195419361035416 0.8070317717280069 0.13455579175760105 0.37941240166710083 0.1650892378781573 -0.0873375190518229 -0.1412937591560155
0.9746444464061992 -0.22375925252278073 -0.31468496198487284
0.2994918269611244 0.5035033423953094 0.17483304993238233 0.38810674077637386 0.412077896957888 0.5252926841510396 0.1579408652376061 0.04863624949235356 -0.0504399973730745 -0.49807823292186004
0.37995165264742464 0.7035949114383939 0.08540020949445784 0.06899475492955005 0.5848075440312952 -0.08085546798509313 0.2594903473429171
0.780403874668593 0.6121819601585793 -0.1272911625316023 0.027888288389978477
0.40411089273781675 0.3864327757824723 0.4771146658130527 0.20894328190301953 0.02879271371331367 0.2436561911129702 0.22302674690826124 0.3969764571963509 0.323558550016892 0.20394497570163414 -0.04749853836818332 -0.7755831356042568
0.3027412732226584 0.7343434865324847 0.6031254244000424 -0.0729869009967345 -0.07759103558095148
0.5784096108229722 0.33224795196836693 0.28148667483130946 0.143139196892138 0.14025502309333468 0.561315367541953 0.07429382450577109 0.31330571130688784 0.10959838602072285 -0.06994127585842014 0.6209437505927307
