253.375412000000097 
152.984178999999813 
205.782576000000887 
221.044001999999807 
186.747677000000152 
172.703378999999529 
90.069275000000175 
85.395235999999926 
275.366857999999979 
281.047824999999250 
223.131514999999865 
207.607003999999620 
174.618320000000551 
154.687666999999948 
180.608937000000367 
306.430601999999624 
154.733202999999918 
181.282785999999788 
184.343381000000193 
139.291689000000247 
153.111578000000208 
97.696449000000229 
150.067287000000249 
208.793177999999955 
135.272420000000182 
121.497656999999805 
121.733331000000135 
233.025045000000091 
215.290325000000109 
299.828905000000304 
118.685036999999951 
187.242319999999950 
161.206569999999715 
137.620161999999652 
184.631890000000226 
214.656029999999646 
157.633958999999805 
85.212619999999561 
216.620725000000988 
200.491167999999675 
193.435738999999813 
192.212510000000236 
174.788479999999538 
187.364696000000066 
211.532918999999879 
432.641233000000113 
272.127303999999299 
144.802428999999648 
