8 6
392 -761 -922 -164 595 -989 -855 453 -612 263 923 -614 -347 -784 756 -675 362 614 -180 -231 -987 -421 781 213 -560 181 -591 -338 -26 -665 -759 140 646 364 917 781 995 577 -158 -423 -52 -582 670 828 -907 -228 -79 -494
6 1
567 -124 736 790 638 -597
5 17
-9 725 144 59 -562 -393 -610 -991 -884 200 590 391 -751 552 -472 -863 346 -81 411 -333 -98 -236 888 -100 -157 232 945 190 -456 -119 -720 583 -885 244 -216 -33 620 616 930 -742 -346 -446 194 -423 -630 -108 275 -307 811 15 -816 -371 -432 -106 418 940 -62 443 362 -796 -661 308 340 714 213 578 -423 -371 343 -270 -575 281 -2 757 -441 -802 -668 -325 -434 -818 257 272 -591 -287 -213
16 18
810 -953 -855 -28 765 -233 -955 -911 -591 -961 -126 447 21 726 -212 -445 -449 -358 59 760 343 -509 -161 -531 -767 265 -724 -309 189 537 -400 774 -186 935 107 -77 -482 879 557 796 984 -14 998 -800 779 438 470 393 85 -671 -673 -676 -353 330 0 -66 -628 711 910 475 503 209 638 755 951 648 -556 -853 -803 19 -351 -378 112 202 -994 982 743 -492 915 579 -713 346 -984 -138 143 -658 769 495 -444 134 -44 675 -86 480 -903 -357 -967 2 127 450 -926 720 590 -41 569 40 724 -91 927 728 545 -930 477 959 -899 -978 -575 -969 -610 -335 480 826 -421 631 -811 -421 -622 -675 858 -552 -879 205 -353 334 -806 974 318 120 -330 -412 -99 -801 -858 720 161 347 326 271 801 -827 -646 501 -352 339 -636 470 850 326 -675 -412 -988 -854 653 284 939 0 785 -669 139 491 181 860 195 -102 813 772 955 -286 409 19 -293 -122 200 585 567 755 826 751 969 -291 661 -139 -795 -268 -805 413 -339 328 77 811 761 523 -272 919 -533 226 514 693 -251 -871 -771 -488 760 15 -749 651 366 -235 697 180 -456 -973 422 228 -58 740 960 306 457 -930 916 -359 -375 779 51 934 -202 671 -476 -658 568 -946 190 -758 61 -124 -65 -422 128 -504 145 671 111 885 760 -803 429 -913 724 -984 121 -723 940 802 967 936 -775 -847 -736 -366 -251 965 -512 243 814 679 944 512 416 715 780 536 59 -409 -64 985 786 678
19 14
-957 495 708 803 -491 -458 -595 56 832 226 439 -816 285 708 -265 914 -703 413 983 680 470 -290 962 153 73 -480 267 -741 -260 615 -19 129 -669 -436 -495 -436 134 539 218 649 28 372 163 -263 310 -443 544 -351 -836 -793 -663 -368 -221 915 993 -653 314 358 -319 -284 312 -189 354 600 299 53 -529 -654 741 -102 -285 -412 227 161 868 161 -444 -776 -428 -552 -110 -963 -767 -485 -502 -214 -311 288 -314 -937 -772 536 965 -243 293 -133 -464 171 778 -300 340 377 -481 -102 93 -734 -118 -873 989 128 -66 -301 218 70 750 -438 -875 -676 60 214 910 -637 237 -793 -474 616 -659 511 -859 48 -620 -480 275 655 -358 46 -564 15 558 -274 297 -786 -142 -521 -913 -814 368 -786 329 -602 821 -641 39 -695 372 -42 780 244 411 935 -569 226 877 953 391 -979 -91 943 -195 -852 970 -83 -157 135 -307 612 -269 -543 135 -795 38 -10 474 -523 -334 834 -381 -736 -301 -431 -378 266 -339 -310 -799 -793 443 338 384 753 -380 146 -232 318 974 335 16 -743 656 367 612 -869 -752 -988 -384 89 152 189 735 -749 -559 5 789 -858 196 -906 -317 -556 788 962 29 -653 639 233 -375 -83 664 536 956 957 106 247 181 -416 -794 -89 -841 -3 76 -597 207 -607 -810 -418 66 597 521 -271 630 20 -882 -620 -628 -948 671 -59
13 7
318 128 837 -929 -162 -297 -486 135 102 -596 763 127 -850 330 -526 -206 337 168 355 64 150 210 -887 318 785 987 -198 773 596 919 -383 424 -218 -113 -773 -10 -704 898 -296 -163 -1 -14 37 -500 521 -435 -603 -60 330 304 429 -179 -542 -171 -890 904 -302 -276 -530 318 -332 -666 227 -55 -692 -841 -610 -329 294 -621 433 -514 -731 -318 -678 -944 603 -412 -538 426 -674 846 937 943 -244 724 642 -682 -8 -253 -89
16 16
-811 92 270 -388 278 885 474 650 -855 734 89 -651 -54 -246 17 -137 -192 -877 -938 -264 -990 386 -781 -590 -600 270 5 75 -85 -201 -454 99 135 -564 -574 -514 437 889 442 784 159 -444 419 -35 -901 657 970 -147 -949 -48 28 -546 916 -601 -427 -466 873 -946 -217 232 17 -139 957 886 -140 790 -442 702 526 -961 676 -501 602 594 487 -603 369 371 796 225 -893 -170 110 181 140 16 925 -36 -866 255 340 -512 -665 236 392 -701 515 383 904 -385 685 465 -124 -851 924 849 -720 747 821 -677 -516 969 -367 -603 -506 -618 -547 370 950 -519 -184 806 -400 977 -757 -44 -584 569 256 -718 979 -600 350 -138 -313 -639 -784 790 -920 -476 -357 -480 285 71 163 790 833 -825 413 609 120 289 -880 877 -139 -995 -380 630 -646 -646 123 -522 524 214 -873 234 389 419 -815 -357 492 -869 -262 -53 760 -24 -400 -131 134 -384 847 991 -354 799 -679 391 -817 -542 12 793 174 480 -624 -156 -881 -572 -29 -481 549 489 992 -28 582 84 506 -330 978 790 -170 264 -884 307 -711 -801 611 969 -306 956 236 425 830 931 452 -809 41 80 188 -721 160 936 -457 513 511 -722 294 690 367 -810 174 -394 188 -914 -907 -38 -831 -338 166 -687 827 776 -797 -489 580 247 228 -723
18 14
-667 775 -428 221 -669 708 880 128 169 -915 -232 -734 419 311 -220 76 864 80 800 -774 830 734 -702 318 716 -482 286 542 -569 463 630 945 806 -15 168 427 700 -311 -496 -516 -342 748 200 694 435 701 -343 567 -711 638 217 860 417 287 -178 929 -162 498 -872 109 -937 486 251 -209 -874 766 646 978 -309 -439 -374 956 661 -398 -228 680 282 -810 688 274 717 944 233 685 56 199 285 -294 225 -561 -80 -275 653 977 -453 -334 682 -738 338 874 -320 25 610 63 -465 467 -134 356 694 302 -540 -755 127 -21 -73 -758 75 -146 -90 981 673 795 246 489 -961 -474 582 -826 252 548 -376 -6 204 -114 601 366 340 698 635 -300 139 939 -49 181 -382 -857 -968 976 670 70 -846 934 -67 265 -812 -953 454 -794 163 -922 563 47 552 -92 -611 -285 -998 825 -726 52 541 -562 -901 -188 278 403 -514 -909 180 -584 999 -358 776 555 -394 492 -518 473 583 437 -693 -26 -652 -635 858 -819 -838 743 -671 594 772 769 -211 648 388 -79 610 -335 -830 -481 427 392 638 685 181 436 -912 -939 -901 490 -168 -890 -350 57 636 -840 -23 257 405 443 856 -103 169 -120 -990 429 -314 -726 -708 932 -684 557 836 -501 -60 -617 792 -360 586 275 -218 905
18 1
917 12 -540 -543 -871 -988 -384 -926 303 -241 470 166 -747 -837 928 -738 31 -764
12 7
-134 -804 603 -496 -950 -890 -567 -264 188 -997 981 356 -221 249 567 -360 -123 774 246 223 -278 -736 -96 329 656 560 -81 -581 798 483 970 659 -836 892 -800 -665 -362 653 -816 -108 478 -547 -82 406 735 583 -709 589 351 452 -262 77 349 693 873 746 -892 -322 242 258 329 846 282 -995 -227 732 -253 439 407 349 -460 773 86 730 -276 328 22 -16 -830 -127 580 -956 -888 -718
18 10
-184 362 -420 -114 978 918 -659 370 234 515 -100 -603 -687 -335 568 845 -876 162 650 -981 856 -955 -679 215 -278 275 -23 -786 -429 -431 -29 668 170 -52 -292 597 -478 -876 -495 -151 955 838 273 -881 -617 531 644 -363 847 154 787 -252 -777 908 -876 -730 443 368 543 947 981 -804 464 -929 -405 117 -676 -518 -823 -732 -32 965 679 627 598 -64 -160 -742 -772 112 690 152 -154 -998 -499 30 -91 -136 -325 -123 398 291 975 942 -878 282 426 793 -649 -710 337 -271 135 231 703 -913 -535 -672 -475 5 123 682 -721 -405 304 -129 191 -624 -285 630 -890 -95 903 668 -745 -719 262 301 -567 -404 510 954 -668 736 138 -412 280 691 -969 875 983 -720 563 967 -699 -748 943 -988 -399 213 83 -454 -19 -673 909 856 -685 12 767 -667 -547 -756 -600 -965 -175 -51 861 -873 391 521 983 566 948 667 -547 754 -878 733 -75 -857
4 12
143 -68 112 -752 -636 -84 -35 -743 527 -673 169 924 -783 235 -903 -910 206 -147 -403 -898 235 388 -74 -371 -567 836 711 -889 -694 -466 642 -878 -458 -539 487 445 -719 -100 -204 159 -65 127 -279 234 -935 975 -14 297
10 1
-194 764 -66 338 30 816 577 -930 788 999
15 10
939 -742 -235 -19 880 -721 141 -20 -391 125 -650 -285 836 -439 -836 682 -891 -428 553 830 824 245 669 979 -696 474 -652 361 536 727 -907 -157 388 911 641 -679 928 -999 -789 924 -478 77 -496 -380 467 716 -306 144 -448 31 -731 -114 -979 -52 -67 -92 -964 577 -44 -670 234 943 -299 -760 -510 795 398 401 274 -266 -791 939 -736 91 155 996 -929 710 368 -458 626 149 -42 980 435 -633 -843 -702 85 -8 -724 918 -930 523 659 237 363 683 -237 986 -465 895 -801 562 504 87 920 519 586 383 728 711 15 722 921 332 -199 -836 301 232 -278 988 961 788 90 -379 -647 889 -53 494 1 -644 792 -621 -93 -204 -56 517 356 399 361 466 842 646 -736 763 -336 29 620 864
15 5
-346 -150 -901 134 422 -680 351 28 -264 889 -244 -175 -113 -519 -888 -541 786 -809 80 -379 204 987 514 -212 455 -625 -724 -892 216 -792 -241 187 -241 -124 220 101 724 530 -49 -146 970 -28 126 -875 834 -834 -770 -335 106 -445 993 617 569 396 -331 -459 244 -61 -699 -923 712 874 -839 -421 -955 339 701 -914 -845 909 -502 210 114 -687 -92
8 4
777 477 575 33 -21 328 312 981 -655 917 -266 -265 163 499 515 -82 481 -186 -625 785 -286 800 -881 -46 734 -389 -398 280 157 166 -5 127
4 9
-30 487 -889 621 961 164 -753 927 -669 724 -200 -292 53 145 50 -300 -597 -500 910 47 307 431 -578 -242 848 876 649 170 175 -547 -60 -42 120 -216 -147 -829
10 6
-184 -36 774 898 -985 -392 61 92 -710 -449 722 598 260 -320 -581 990 -159 146 152 517 714 73 479 -980 949 -47 936 -175 82 -945 548 -459 -131 -929 998 -776 -123 588 -165 155 353 -473 49 -459 -94 -710 173 267 -481 -666 -312 228 407 -645 -424 492 637 969 29 930
9 7
-670 -14 697 -7 205 -767 -461 94 -145 -125 -627 -844 -354 -189 559 -370 837 -317 807 -82 868 -70 236 -824 -599 900 98 -41 976 912 -857 359 -937 -660 -47 637 -733 -459 498 -202 -972 -136 -980 42 701 199 -703 -165 -811 -357 -171 -391 -899 -353 -234 -792 -543 -193 654 -974 930 -843 906
2 19
846 984 702 -96 193 -946 -15 735 104 388 -196 -280 -221 -348 297 -493 -687 -205 400 -982 -243 902 -142 11 -730 712 803 923 991 898 -100 186 -545 -993 -777 -819 408 -867
19 8
-375 86 -609 -706 -329 -108 924 524 100 580 611 714 -561 -447 -836 -157 -681 -612 -385 606 15 68 -173 735 115 742 -764 354 345 -455 -968 423 -22 -472 771 -24 231 -811 -974 -613 749 -905 -7 141 -243 939 -396 -425 -383 -928 452 453 -368 -992 908 749 -109 -927 -148 576 946 -775 -384 52 -806 -540 -373 -806 -627 858 497 -161 -739 717 123 350 279 -400 362 469 318 -921 804 -254 574 -224 -698 581 775 962 390 -698 369 278 683 -219 -464 416 724 -129 519 -482 -770 -791 51 240 574 -402 -667 -475 418 -208 -32 -914 474 -988 -652 517 -430 -724 -449 -765 -230 -635 115 -472 546 -743 104 -587 822 439 436 -216 -127 632 -675 542 632 190 -338 630 -405 -189 -759 -801 -283 309 115 139 -621 -767
19 18
505 769 885 -767 -305 53 610 755 -547 -17 411 -855 -113 588 -400 24 -892 384 -838 323 -367 -536 440 -509 -681 89 20 262 815 -907 69 533 -663 283 683 7 866 174 -807 -182 -792 -179 926 -828 -939 13 444 471 -386 -192 -629 111 230 624 -732 -340 636 -817 -990 -270 475 -547 -500 767 -599 393 25 -190 -412 -814 -741 323 -313 823 -972 -274 -198 695 -72 840 -77 -193 646 -560 81 -883 -310 -227 39 -231 541 -173 -141 -953 -449 -991 -630 398 178 898 608 569 -478 -965 286 -789 511 -385 303 754 948 -784 379 456 562 787 522 92 -916 -205 353 -451 458 -661 467 -828 683 -627 -211 -916 -104 797 916 -465 155 81 384 -134 842 -965 406 -172 -986 375 -936 16 980 -881 58 -239 -636 557 315 363 970 -660 444 -909 450 -72 181 81 -559 -916 532 -30 -321 454 -872 -895 -357 343 -178 576 -624 -202 -404 28 763 -539 -758 79 240 -270 -100 -357 -129 323 -316 -200 532 -620 911 70 548 -903 -205 560 -232 -192 177 -13 -695 201 -493 872 460 -16 -993 -82 851 -111 369 252 -844 -156 339 823 558 583 887 -73 551 170 -156 -478 -873 705 -505 -505 -561 287 -530 631 -485 -617 594 -635 -307 859 -406 740 516 822 228 -602 -781 549 275 137 671 250 414 -51 -826 151 -680 -465 476 -415 781 184 -656 634 150 -395 -207 370 -633 584 -126 114 -894 -84 805 -726 -331 -945 -555 438 -301 788 882 -547 309 602 482 471 -728 310 -379 -649 -992 476 776 -270 560 -954 -746 -428 -8 27 -706 -52 959 234 630 -786 -69 958 -344 -818 -626 710 90 -22 958 146 -326 790 584 563 -795 -559 -255 542 -489 -794 -150 649 -988 544 -962 23 9 43 943 834 -532 65 -798 -219
10 10
-367 393 -882 398 -949 21 -520 356 347 512 298 974 828 -681 -572 583 -457 76 -493 -181 -399 735 388 -556 -830 220 -52 737 372 177 226 -343 226 127 792 558 -867 213 934 -916 913 300 731 496 -694 -201 -337 -315 -744 775 370 -379 -251 891 364 822 -421 85 696 -548 -272 -710 -325 -825 -287 548 990 344 664 790 -335 -478 -50 -708 -346 850 -126 25 653 356 -159 130 -499 370 79 797 -872 -48 -110 418 -468 -328 -233 409 -519 687 676 585 121 411
11 4
-689 -613 850 -23 -955 -198 653 -866 446 809 166 540 498 -301 -518 -742 -523 -695 -330 149 -830 925 805 -90 1 -376 924 129 -305 432 166 -6 117 502 391 379 -696 83 -599 -178 993 562 688 753
19 17
-408 -831 221 579 -260 -168 -180 195 -430 78 -793 646 147 219 -186 620 522 700 695 -282 -257 448 901 -407 -898 -337 2 -697 -413 969 -577 855 884 416 321 725 -326 -133 -66 -598 742 -126 -645 -138 -465 -847 807 -491 990 575 409 266 496 718 18 -193 176 -609 355 369 722 -410 423 -41 -99 969 267 -614 -84 -376 -420 522 929 -966 -832 584 996 960 664 554 -207 -276 -956 437 -236 684 -316 -693 931 -556 246 93 -194 213 567 41 -878 414 731 -794 200 982 -94 533 -996 -796 -68 997 -471 -417 291 -68 863 -913 -271 -243 829 790 172 -566 -910 929 241 -691 150 987 515 35 -167 -535 -557 223 291 -885 -722 224 846 -786 -324 -807 119 913 265 -443 410 -134 -668 -661 -285 -817 477 392 55 41 323 469 -995 -51 498 -403 -212 267 -28 -899 321 -705 -623 -681 899 -686 482 -406 542 -879 -265 -145 -926 -507 323 -763 -147 -453 731 -281 234 -914 48 633 -735 -277 -168 533 -47 -766 413 -695 966 704 485 -721 -487 -826 -500 738 485 -141 -363 -761 -850 162 26 -932 942 649 -850 872 270 889 707 -503 -952 -646 303 -337 -892 300 247 805 -601 -682 -259 -428 734 -89 14 382 459 361 -241 -928 971 -491 -181 -391 532 531 -989 -977 581 -845 969 738 -180 157 36 347 169 -530 -370 221 211 292 -643 959 283 -752 -156 -493 -749 670 -357 941 -362 -643 -833 143 -887 -998 -475 -35 -337 135 448 125 867 -787 -402 -422 846 229 600 -657 -295 641 -300 511 161 776 944 -566 522 -756 627 -907 -981 656 -206 -544 264 366 -442 799 264 611 856 92 822 987 759 363 -313 -417 -997
14 13
-712 82 -71 -983 -479 255 659 855 766 -148 300 426 731 -414 849 -660 100 835 770 -963 -885 -956 23 -648 115 -937 -383 -919 -452 847 -729 -63 -961 845 -88 -587 -126 483 704 147 489 -777 -528 -931 -899 -516 -489 -471 506 -842 -280 934 -822 -26 -246 848 955 -836 914 960 734 -546 215 -589 -63 601 80 -902 302 -918 362 -361 223 33 -964 -818 -450 -977 -22 761 -291 -858 231 262 661 -453 -376 382 -724 434 151 684 474 -846 -142 -553 488 -415 47 -30 362 267 -483 894 -350 -509 776 -14 701 -293 -709 -269 785 939 21 96 -730 -834 -296 -358 787 127 -260 -781 -480 714 -89 -846 -963 51 814 209 -654 -113 316 -340 285 804 344 -741 17 -132 622 -333 -282 -347 -153 -480 399 318 466 526 -945 421 -548 -905 -637 493 457 -204 279 835 20 771 -90 -553 -869 -727 28 -593 -235 -91 54 599 164 -823 575 84 203 -240 316 679
9 13
400 197 767 -680 -686 -884 -874 -771 -770 616 -614 427 644 997 -121 253 -437 -219 -183 -330 251 -220 730 -393 -110 358 -545 601 718 -208 -810 -479 450 796 -223 -641 333 -308 -476 -963 -997 -335 812 294 -554 -127 -234 765 -638 713 867 -518 -509 -832 -628 -67 -261 -251 -567 -966 -498 182 64 -34 355 626 -710 285 -165 -830 417 -337 -118 -562 497 -83 -890 -414 -46 491 -580 204 -703 280 821 -756 -302 364 132 -109 -729 -274 335 -341 -828 219 113 -753 815 353 93 97 629 -686 880 -487 88 -405 -401 219 -632 345 844 517 -556 520 -170
1 5
745 -431 -70 253 -504
9 2
-260 -777 -325 -139 770 -490 954 21 -326 968 -914 -859 433 302 -77 844 526 -553
19 19
-782 386 901 801 658 725 421 -686 518 775 -746 -398 -738 -77 -945 -777 -844 -739 112 173 -765 -489 -140 -301 -707 972 -897 359 -238 423 120 855 -55 -362 -373 644 732 -579 592 -770 911 766 245 213 158 -486 -976 814 554 -298 542 591 606 -584 -302 -276 326 230 904 -234 690 -321 -468 -513 -980 747 -330 -950 -681 505 -328 -942 669 216 60 891 -884 445 745 -338 144 708 -971 -118 242 936 -132 843 -818 680 -381 -192 -879 376 690 -308 339 304 -671 283 -312 450 437 -688 -846 -439 575 -569 177 -988 -389 -54 -8 -671 391 -380 -889 -740 721 -862 640 574 374 -101 682 22 -796 -74 -273 516 436 284 -790 -896 810 887 395 -801 66 -760 -671 -758 -565 206 -919 -315 791 148 -697 -912 -356 -764 893 -886 -492 -447 916 -824 317 153 -484 -835 -105 -483 964 -77 786 -831 676 -946 262 -674 -457 -303 -584 863 968 -48 855 174 -603 12 -295 673 -383 812 46 22 22 -544 -375 905 -101 -251 438 -437 -930 288 440 -991 -824 426 120 789 -28 -483 -306 -483 349 995 -157 -841 831 787 854 995 365 -395 797 -447 481 108 836 449 -133 -42 -897 -848 -947 -863 -565 -677 622 82 -630 -800 250 487 230 -630 442 31 341 510 -774 656 571 -278 -218 -55 -666 819 287 212 -113 978 -677 -475 -757 675 664 -833 247 -614 -970 503 -496 540 148 -210 85 -808 655 157 -632 -460 562 -66 63 561 -701 773 662 875 -251 892 -359 -702 15 812 -324 -454 865 639 949 453 343 600 -984 212 -161 66 -66 -960 -725 -849 116 -718 -664 181 -937 124 663 285 -433 -444 189 -192 -706 715 -525 -578 -123 -183 616 769 138 -55 -188 812 -827 -526 -205 303 750 -496 -934 -867 841 798 -305 99 -140 -950 486 -748 574 369 994 -885 -520 -989 361 -301 -290 246 657 23 901 -954 -418
11 17
-638 437 422 -716 -156 184 -843 346 378 -54 -893 471 -740 271 -764 -168 216 -698 36 221 -557 -656 -367 729 603 410 -495 696 635 -268 119 976 -907 605 804 -442 175 867 -126 -617 -596 -590 -324 868 -971 417 -664 -185 484 -253 -943 -305 21 -202 -969 550 -545 -125 154 370 867 -851 188 80 892 -552 -327 685 166 230 521 -460 -458 131 -250 -861 -615 18 320 -732 22 637 719 607 942 657 -173 57 -143 -635 -617 614 883 301 -993 -321 -294 -71 968 160 171 -278 932 228 -856 -268 426 -52 861 787 157 225 686 -545 586 -281 293 118 -828 133 -298 -143 -776 243 -182 -737 752 -855 554 -568 -739 51 -973 570 113 -277 996 -229 317 183 692 -477 37 -984 643 782 58 -136 -762 296 354 863 324 -953 -642 -852 998 -869 -665 155 401 -618 -311 33 863 578 -348 253 -133 -282 -360 817 798 670 149 168 -341 -643 724 -796 261 -480 -621 692 734 -432 -889
12 10
-452 816 412 -570 805 678 566 952 -145 837 244 825 424 820 -829 -596 737 875 -828 -721 -486 -929 157 -184 355 -467 -54 -957 -81 -513 415 353 -801 237 951 19 882 -677 56 -637 -745 994 -143 934 608 401 -642 490 -125 -599 370 969 -284 535 304 -329 228 -342 -476 -339 915 -268 509 -409 126 -421 420 728 98 -608 -475 -636 309 371 962 241 -596 609 -510 -148 961 -207 -411 917 -465 -302 817 510 -739 -130 -787 620 997 61 835 -350 -478 -349 47 299 -811 -542 823 -784 43 209 -699 -35 -433 466 14 480 142 -914 -347 -102 -1 602 807 711
20 2
606 -125 496 514 388 409 -723 -46 512 -716 412 897 238 607 125 740 -350 -829 85 695 -601 369 465 911 -57 -355 572 -940 -256 -4 -124 -579 -276 -326 447 -393 696 -12 967 -816
13 3
-492 628 -791 857 -491 -447 70 425 -827 811 164 44 -354 383 68 -381 -804 -633 -765 -840 -968 902 497 417 -805 -175 -518 417 -423 394 -991 109 -492 -401 432 28 -602 -302 -462
19 17
-665 -289 -511 -746 -141 -146 857 952 -842 471 -41 -218 521 115 972 -974 -329 774 -700 823 553 -955 144 -715 -750 473 -269 92 -98 -333 148 382 -623 567 261 802 -73 974 376 252 -400 -586 -752 0 -546 -107 -683 586 -397 -247 -87 775 -9 -829 -460 -667 997 991 -265 -47 -415 245 319 664 264 50 -790 -335 -242 -435 146 986 805 -510 -793 248 854 -478 612 178 250 227 392 792 -61 -480 -528 -18 161 -444 -500 833 368 849 135 937 49 918 107 411 -931 -697 767 -26 31 158 991 -596 -809 -170 329 -724 522 -21 917 -604 -495 233 -918 -71 159 -600 571 435 -246 -446 -724 642 -851 -634 -361 -903 704 362 551 -723 628 -955 296 661 606 -426 -382 -631 -922 -852 -647 719 941 613 222 -295 957 -824 -141 69 214 -329 887 210 -676 859 622 34 -737 -838 -473 -831 176 983 63 -807 -65 -980 211 977 732 751 -882 448 436 85 648 -391 762 14 -934 124 -977 -722 332 -744 254 106 -837 -66 -490 364 -229 -518 -195 932 -417 268 110 766 -305 153 -96 932 -149 -687 559 198 378 -451 -585 468 304 -763 -246 -955 -821 843 413 -274 641 832 19 610 -5 531 -100 -230 193 585 -462 -988 624 -978 -472 752 395 256 -58 355 -263 14 -431 759 -286 -845 563 -305 -380 681 51 -825 -6 84 -798 -851 88 -747 -645 -253 -486 860 -115 -713 -671 -554 -900 -283 -755 -480 -136 612 264 66 -356 584 909 -929 952 646 -213 -903 -138 -616 312 756 -313 771 -810 -497 247 -471 618 705 -566 540 -917 -408 952 -376 -119 805 160 -547 -852 -983 -243 -136 420 633 804 311 61 -192 -531 -774 -904
2 12
-742 -127 -19 299 607 -373 439 767 -297 -430 -696 383 -824 850 112 -279 -469 -939 -51 781 -764 -819 -392 251
12 7
-446 -993 -509 888 -828 131 -665 -165 -899 54 -967 579 192 -951 -215 373 -119 97 -71 59 483 -668 -288 424 261 48 -558 212 297 -657 944 798 510 -9 890 -883 474 254 -878 977 441 855 275 494 424 843 -376 350 -279 -839 495 995 483 312 324 -890 510 3 -31 300 255 -725 -938 -586 743 487 707 336 -543 53 967 726 -419 -877 187 -556 32 -706 692 -623 159 502 -619 735
14 7
-849 657 -103 88 612 594 -534 331 -11 -972 649 663 -901 -242 -593 -793 649 -303 348 -178 982 150 147 60 -268 964 170 734 350 491 894 -939 433 327 632 -312 -800 731 -653 733 403 -790 85 -358 436 600 -849 601 -679 533 -918 932 -447 -202 72 647 415 896 -814 600 557 239 -49 935 451 -881 181 -202 902 -757 858 270 875 -975 774 466 387 -408 -424 396 -480 48 -321 -187 626 321 802 685 390 898 -762 481 116 642 191 289 -370 -437
4 13
249 778 524 -188 -742 874 -802 -531 84 879 -40 957 -390 97 -818 887 -546 -305 -206 -742 459 135 -796 324 -742 -279 76 528 -770 -361 -24 -767 694 862 -724 681 155 -679 -321 -231 244 -292 -198 -533 179 52 -103 -995 -356 -28 920 -843
4 20
-44 -279 554 -706 729 -966 -800 441 -803 674 88 354 -948 185 -704 22 -227 243 700 -560 -109 110 163 -348 297 785 -186 -341 -867 636 374 153 255 -873 -607 -489 755 -740 -178 429 -409 659 -278 724 -376 868 584 477 572 -816 -423 -986 -712 129 665 -278 -446 545 -46 381 637 -593 935 -771 752 69 -839 618 890 608 558 -640 118 95 7 -960 299 -212 -559 221
