0.403868414033098 0.639488299777052 0.633418458842681 0.148089825609439 -0.069249390921316 -0.091660373698547 
0.220866589649606 0.230678617879580 0.492388718977404 0.482819709199450 0.601907521066416 0.238890662084100 -0.055519278766673 0.248206781639129 
0.235418319718905 0.166483045024411 0.261954193610354 0.807031771728006 0.134555791757601 0.379412401667101 0.165089237878157 -0.087337519051823 -0.141293759156006 
0.974644446406199 -0.223759252522781 -0.314684961984874 
0.299491826961128 0.503503342395310 0.174833049932382 0.388106740776372 0.412077896957886 0.525292684151040 0.157940865237605 0.048636249492354 -0.050439997373074 -0.498078232921883 
0.379951652647425 0.703594911438394 0.085400209494458 0.068994754929550 0.584807544031295 -0.080855467985093 0.259490347342932 
0.780403874668593 0.612181960158580 -0.127291162531603 0.027888288389990 
0.404110892737815 0.386432775782473 0.477114665813054 0.208943281903020 0.028792713713313 0.243656191112971 0.223026746908261 0.396976457196353 0.323558550016893 0.203944975701634 -0.047498538368183 -0.775583135604226 
0.302741273222659 0.734343486532484 0.603125424400042 -0.072986900996734 -0.077591035580960 
0.578409610822971 0.332247951968368 0.281486674831309 0.143139196892139 0.140255023093335 0.561315367541953 0.074293824505771 0.313305711306888 0.109598386020723 -0.069941275858420 0.620943750592770 
