0.403868 0.639488 0.633418 0.148090 -0.069249 -0.091660 
0.220867 0.230679 0.492389 0.482820 0.601908 0.238891 -0.055519 0.248207 
0.235418 0.166483 0.261954 0.807032 0.134556 0.379412 0.165089 -0.087338 -0.141294 
0.974644 -0.223759 -0.314685 
0.299492 0.503503 0.174833 0.388107 0.412078 0.525293 0.157941 0.048636 -0.050440 -0.498078 
0.379952 0.703595 0.085400 0.068995 0.584808 -0.080855 0.259490 
0.780404 0.612182 -0.127291 0.027888 
0.404111 0.386433 0.477115 0.208943 0.028793 0.243656 0.223027 0.396976 0.323559 0.203945 -0.047499 -0.775583 
0.302741 0.734343 0.603125 -0.072987 -0.077591 
0.578410 0.332248 0.281487 0.143139 0.140255 0.561315 0.074294 0.313306 0.109598 -0.069941 0.620944 
