9.002392943249973 4.972101282179983 10.964624499933098 7.143630622753303
5.974713320660414 5.993774651714638 3.0150486180381963 6.008763868599253
6.969361490037654 9.978054049340773 6.037364079147604 8.111879326445079
6.971817738348928 10.32922523896519 6.0907933156466605 6.405643434767154
7.200747870294219 3.9101591108896745 6.179219048298997 7.165822663929657
5.08923694564743 3.8345061064211285 13.306737903011937 7.302825938399214
8.012458946339647 5.995027541568221 5.9924188573639805 7.096299000050023
7.633218378215111 8.946290128605298 7.713089806241697 7.075995850371501
4.958269110129059 4.981130296171894 9.967093026149907 8.035826502629078
8.955722569984637 10.016758047909482 6.104357847933479 7.093309023408221
